-1.99 0
-1.97 0
-1.95 0
-1.93 0
-1.91 0
-1.89 0
-1.87 0
-1.85 0
-1.83 2e-05
-1.81 0
-1.79 4e-05
-1.77 0
-1.75 0.00014
-1.73 0.00024
-1.71 0.00032
-1.69 0.0007
-1.67 0.0008
-1.65 0.00112
-1.63 0.00292
-1.61 0.00312
-1.59 0.00422
-1.57 0.00486
-1.55 0.00754
-1.53 0.0042
-1.51 0.0105
-1.49 0.01376
-1.47 0.0162
-1.45 0.02084
-1.43 0.02278
-1.41 0.02644
-1.39 0.02996
-1.37 0.0516
-1.35 0.03728
-1.33 0.04146
-1.31 0.0221
-1.29 0.04916
-1.27 0.04912
-1.25 0.0534
-1.23 0.05362
-1.21 0.05492
-1.19 0.05538
-1.17 0.05254
-1.15 0.05156
-1.13 0.06706
-1.11 0.03962
-1.09 0.03502
-1.07 0.02746
-1.05 0.01304
-1.03 0.02146
-1.01 0.01652
-0.99 0.01198
-0.97 0.00838
-0.95 0.00596
-0.93 0.00416
-0.91 0.00274
-0.89 0.00134
-0.87 0.00124
-0.85 0.00054
-0.83 0.0003
-0.81 0.00012
-0.79 8e-05
-0.77 6e-05
-0.75 4e-05
-0.73 0
-0.71 2e-05
-0.69 0
-0.67 0
-0.65 0
-0.63 0
-0.61 0
-0.59 0
-0.57 0
-0.55 0
-0.53 0
-0.51 0
-0.49 0
-0.47 0
-0.45 0
-0.43 0
-0.41 0
-0.39 0
-0.37 0
-0.35 0
-0.33 0
-0.31 0
-0.29 0
-0.27 0
-0.25 0
-0.23 0
-0.21 0
-0.19 0
-0.17 0
-0.15 0
-0.13 0
-0.11 0
-0.09 0
-0.07 0
-0.05 0
-0.03 0
-0.01 0
0.01 0
0.03 0
0.05 0
0.07 0
0.09 0
0.11 0
0.13 0
0.15 0
0.17 0
0.19 0
0.21 0
0.23 0
0.25 0
0.27 0
0.29 0
0.31 0
0.33 0
0.35 0
0.37 0
0.39 0
0.41 0
0.43 0
0.45 0
0.47 0
0.49 0
0.51 0
0.53 0
0.55 0
0.57 0
0.59 0
0.61 0
0.63 0
0.65 0
0.67 0
0.69 0
0.71 0
0.73 0
0.75 0
0.77 0
0.79 0
0.81 0
0.83 0
0.85 0
0.87 0
0.89 0
0.91 0
0.93 0
0.95 0
0.97 0
0.99 0
1.01 0
1.03 0
1.05 0
1.07 0
1.09 0
1.11 0
1.13 0
1.15 0
1.17 0
1.19 0
1.21 0
1.23 0
1.25 0
1.27 0
1.29 0
1.31 0
1.33 0
1.35 0
1.37 0
1.39 0
1.41 0
1.43 0
1.45 0
1.47 0
1.49 0
1.51 0
1.53 0
1.55 0
1.57 0
1.59 0
1.61 0
1.63 0
1.65 0
1.67 0
1.69 0
1.71 0
1.73 0
1.75 0
1.77 0
1.79 0
1.81 0
1.83 0
1.85 0
1.87 0
1.89 0
1.91 0
1.93 0
1.95 0
1.97 0
1.99 0
